Distance: 4.0 Time: 600.0 MPH: 0.006666666666666667
Distance: 8.0 Time: 1200.0 MPH: 0.006666666666666667
Distance: 12.0 Time: 1800.0 MPH: 0.006666666666666667
